Title: Transit Timing Variation Analysis of The Low-Mass Brown Dwarf KELT-1 b
Authors: Basturk et al.
Table: Figure-6
================================================================================
Byte-by-byte Description of file: kelt1_ttv_diagram_data.txt
--------------------------------------------------------------------------------
   Bytes Format Units Label    Explanations
--------------------------------------------------------------------------------
   1- 14 F14.6  d       BJD-TDB  Mid-Transit Time in Barycentric Dynamical Time
  16- 23 F8.6   d       error    Error in Measurement of the Mid-Transit Time
  25- 25 I1     --      type     Type of the Observation
--------------------------------------------------------------------------------
Note (1):   Type of Observations:
Note (2):   1: ETD, 2: Literature, 3: Our, 4: TESS
--------------------------------------------------------------------------------
2456559.435567 0.000941 1 
2456928.336003 0.000794 1 
2456962.425653 0.000517 1 
2457023.300757 0.000762 1 
2457292.367793 0.000708 1 
2457387.330298 0.000776 1 
2455899.554030 0.001148 2 
2455905.639391 0.000868 2 
2455911.727453 0.000368 2 
2455927.555770 0.000383 2 
2455933.643220 0.000366 2 
2457959.552837 0.000244 2 
2457981.468126 0.000524 2 
2458015.557073 0.000232 2 
2458020.427293 0.000245 2 
2458026.516994 0.000441 2 
2458126.349237 0.000392 2 
2458367.414516 0.000522 2 
2457226.622239 0.000204 2 
2459134.434551 0.000288 2 
2459151.479546 0.000247 2 
2459459.504906 0.000236 2 
2459487.507502 0.000253 2 
2456179.576852 0.000177 3 
2456223.407010 0.000447 3 
2456548.477686 0.000235 3 
2456548.477458 0.000255 3 
2456951.468633 0.000276 3 
2457254.624048 0.000303 3 
2457662.484192 0.000266 3 
2457762.318983 0.000379 3 
2457970.511241 0.000303 3 
2457987.556687 0.000305 3 
2458020.427127 0.000200 3 
2459425.416140 0.000541 3 
2459453.419241 0.000421 3 
2459486.290677 0.000670 3 
2459498.465202 0.000370 3 
2459514.293822 0.000503 3 
2459895.368370 0.000273 3 
2458765.534248 0.000588 4 
2458766.750869 0.000505 4 
2458767.969700 0.000578 4 
2458769.186020 0.000508 4 
2458770.404378 0.000565 4 
2458771.621081 0.000551 4 
2458778.927405 0.000529 4 
2458780.145078 0.000481 4 
2458781.361449 0.000541 4 
2458783.797650 0.000522 4 
2458785.013118 0.000548 4 
2458786.232182 0.000571 4 
2458787.448250 0.000605 4 
2459853.973048 0.000479 4 
2459855.190358 0.000584 4 
2459856.408806 0.000548 4 
2459857.625580 0.000531 4 
2459858.842933 0.000507 4 
2459860.061501 0.000519 4 
2459861.278606 0.000526 4 
2459862.494993 0.000506 4 
2459868.583221 0.000534 4 
2459869.800791 0.000450 4 
2459871.017774 0.000512 4 
2459872.235869 0.000483 4 
2459873.453453 0.000535 4 
2459875.887742 0.000638 4 
2459877.104946 0.000477 4 
2459878.322689 0.000501 4 
2459879.541254 0.000493 4 
2459880.758801 0.000486 4 
2459881.975707 0.000486 4 
